young: 0.0180112
medium: 0.5794013
percentage_MS1: 0.6760563
percentage_C1: 0.0422535
percentage_F1: 0.2394366
percentage_MS2: 0.4759194
percentage_C2: 0.0897548
percentage_F2: 0.4229422
percentage_MS3: 0.0926276
percentage_C3: 0.1279143
percentage_F3: 0.7655955
t_Triage: 0.2249015
p_death_ICU1: 0.0
p_death_ICU2: 0.1036866
p_death_ICU3: 0.2820513
p_death_Floor1: 0.0
p_stepup_Floor1: 0.125
p_death_Floor2: 0.0169372
p_stepup_Floor2: 0.1312632
p_death_Floor3: 0.1692607
p_stepup_Floor3: 0.1634241
p_death_WF1: 0.0
p_stepup_WF1: 0.125
p_tofloor1: 0.9
p_death_WF2: 0.0169372
p_stepup_WF2: 0.1312632
p_tofloor2: 0.9
p_death_WF3: 0.1692607
p_stepup_WF3: 0.1634241
p_tofloor3: 0.9
agespecificLOS: 0.0
avg_LOS_ICU1: 10.8755952
avg_LOS_ICU2: 10.0398088
avg_LOS_ICU3: 9.0961737
avg_LOS_Floor1: 3.5974809
avg_LOS_Floor2: 8.0187396
avg_LOS_Floor3: 11.3526623
M: 180.0
M_final: 180.0
M_Max: 3000.0
M_occupied: 66.0
icucapramp1: 10.0
icucapramp2: 20.0
L: 578.0
L_final: 578.0
L_Max: 15000.0
L_occupied: 46.0
floorcapramp1: 10.0
floorcapramp2: 20.0
t_Max: 60.0
t: 30.0
I_init: 50.0
I_initmax: 1000.0
I_final: 1000.0
I_finalmax: 3000.0
doublingtime: 14.0
doublingtime_min: 2.0
doublingtime_max: 28.0
rampslope: 1.2
rampslope_min: 0.0
rampslope_max: 5.0
rampslope_step: 0.1
distribution: exponential
avgfloordischargetime: 9.2813033
avgicudischargetime: 9.6749666
minfloordischargetime: 0.5
minicudischargetime: 0.5
maxfloordischargetime: 25.0
maxicudischargetime: 25.0
max_p_death_Floor1: 0.9
max_p_death_Floor2: 0.9
max_p_death_Floor3: 0.9
p_toicu1: 0.5
p_toicu2: 0.5
p_toicu3: 0.5
p_return_MS1: 0.1136364
p_death_MS1: 0.0066
p_return_MS2: 0.0539452
p_death_MS2: 0.0066
p_return_MS3: 0.0373377
p_death_MS3: 0.0066
avg_LOS_FloorQ1: 3.5974809
avg_LOS_FloorQ2: 8.0187396
avg_LOS_FloorQ3: 11.3526623
avg_timetodeath_CQ1: 0.25
avg_timetodeath_CQ2: 0.25
avg_timetodeath_CQ3: 0.25
avg_T_exit1: 10.0
avg_T_exit2: 10.0
avg_T_exit3: 10.0
slope: 50.0
mu_I1: 0.0
mu_I2: 0.0
mu_I3: 0.0
mu_P1: 0.0
mu_P2: 0.0013135
mu_P3: 0.0075614
d_phi: 14.0
d_mu: 12.0
p_phi: 0.85
